-1.861331241000000025e+00,-2.991682765000000188e+00,2.000000000000000000e+00
-2.170092369999999882e+00,-3.292317782000000026e+00,2.000000000000000000e+00
-1.014080969000000110e+00,3.857949900000000043e-01,2.000000000000000000e+00
-2.912942536000000082e+00,-2.579539167000000077e+00,2.000000000000000000e+00
3.572073500000000346e-02,-7.996979189999999793e-01,2.000000000000000000e+00
2.483509420999999939e+00,1.550806091000000109e+00,0.000000000000000000e+00
-5.576169739999999875e-01,1.844299966999999985e+00,2.000000000000000000e+00
1.108422548999999924e+00,3.089071693000000174e+00,0.000000000000000000e+00
3.623268490000000064e-01,-2.019124526999999780e+00,2.000000000000000000e+00
2.709714096999999988e+00,1.713412756999999953e+00,0.000000000000000000e+00
-3.540044019999999958e-01,6.505730809999999975e-01,2.000000000000000000e+00
6.551031520000000219e-01,2.504877514999999999e+00,0.000000000000000000e+00
5.517977143999999612e+00,4.403171679999999810e-01,0.000000000000000000e+00
2.563056623000000034e+00,1.630393366999999927e+00,0.000000000000000000e+00
-2.088136684000000187e+00,2.278844396000000216e+00,2.000000000000000000e+00
2.503931156000000158e+00,-8.234219120000000336e-01,0.000000000000000000e+00
-2.066633813999999791e+00,-9.221301960000000131e-01,2.000000000000000000e+00
2.215263599999999986e-02,-2.658097230000000089e+00,2.000000000000000000e+00
6.470439580000000301e-01,-1.750003639999999916e-01,2.000000000000000000e+00
1.945385949000000059e+00,7.108919710000000114e-01,0.000000000000000000e+00
-8.883043670000000391e-01,-1.486277456000000052e+00,2.000000000000000000e+00
1.202686552999999936e+00,1.440613689999999947e-01,0.000000000000000000e+00
3.957251541000000206e+00,-7.128067209999999765e-01,0.000000000000000000e+00
-4.260793978999999787e+00,-8.633835669999999629e-01,2.000000000000000000e+00
-2.407681997000000074e+00,1.558656360999999935e+00,2.000000000000000000e+00
2.671969068000000114e+00,1.632649153000000020e+00,0.000000000000000000e+00
-6.572887309999999594e-01,2.296608051999999844e+00,2.000000000000000000e+00
-8.536817900000000237e-02,-2.169919875999999803e+00,2.000000000000000000e+00
2.065980496999999971e+00,-2.722445470000000034e-01,0.000000000000000000e+00
4.970915838999999892e+00,1.310183454999999997e+00,0.000000000000000000e+00
-2.911126632999999853e+00,-2.586922099999999780e+00,2.000000000000000000e+00
-2.032565310999999930e+00,3.853479974999999946e+00,2.000000000000000000e+00
-1.732956469999999971e-01,4.665034960000000175e-01,2.000000000000000000e+00
1.141394999999999910e-03,-1.090044698999999895e+00,2.000000000000000000e+00
2.389360329999999921e-01,2.065624994000000214e+00,0.000000000000000000e+00
-6.986919379999999569e-01,7.542731099999999689e-01,2.000000000000000000e+00
2.727212887999999946e+00,2.185106679999999912e-01,0.000000000000000000e+00
-2.033841103999999955e+00,-1.360376589999999997e+00,2.000000000000000000e+00
4.561056199999999894e-01,-3.530784752999999832e+00,2.000000000000000000e+00
2.213142571000000114e+00,-1.927135446999999946e+00,0.000000000000000000e+00
8.389717580000000119e-01,-1.291265273999999907e+00,2.000000000000000000e+00
-1.391116494000000037e+00,9.050555559999999833e-01,2.000000000000000000e+00
2.695691610000000016e-01,1.228996444000000077e+00,2.000000000000000000e+00
-7.097191269999999497e-01,-1.570601310000000028e+00,2.000000000000000000e+00
-1.340933860999999894e+00,1.656352386000000010e+00,2.000000000000000000e+00
3.025744130000000087e+00,1.334834016999999928e+00,0.000000000000000000e+00
-4.419983120000000043e-01,-2.510017660000000150e-01,2.000000000000000000e+00
-1.292451674999999911e+00,-1.902457741999999952e+00,2.000000000000000000e+00
-1.690399200000000102e+00,1.784079992999999975e+00,2.000000000000000000e+00
2.710090470000000029e-01,-2.594431600000000060e-01,2.000000000000000000e+00
-2.013485130999999928e+00,-8.139219380000000115e-01,2.000000000000000000e+00
-7.477129839999999694e-01,-4.234005499999999866e-01,2.000000000000000000e+00
-4.764146739999999824e-01,-6.603427330000000151e-01,2.000000000000000000e+00
-2.461629634999999983e+00,-1.672827099999999900e+00,2.000000000000000000e+00
8.664055969999999718e-01,-1.537013685000000018e+00,2.000000000000000000e+00
-3.149052031000000085e+00,-2.040157752999999907e+00,2.000000000000000000e+00
-2.635236658999999815e+00,-2.715674999999999860e-03,2.000000000000000000e+00
2.240191270000000123e-01,-1.026053949000000021e+00,2.000000000000000000e+00
-6.748259890000000150e-01,-1.656999195999999897e+00,2.000000000000000000e+00
-1.428913043999999966e+00,-3.222543840000000048e-01,2.000000000000000000e+00
-9.884039110000000239e-01,-1.510834133999999995e+00,2.000000000000000000e+00
-2.686815269999999756e-01,-5.539953709999999587e-01,2.000000000000000000e+00
-1.868022762999999919e+00,5.166346099999999941e-01,2.000000000000000000e+00
-7.184042000000000205e-02,-6.224372300000000080e-02,2.000000000000000000e+00
-3.026832369999999939e-01,-1.160162680000000002e+00,2.000000000000000000e+00
-1.045150342999999982e+00,-1.113838120000000043e+00,2.000000000000000000e+00
-8.087888589999999711e-01,9.371261650000000110e-01,2.000000000000000000e+00
-1.628762958000000038e+00,-1.170798806000000081e+00,2.000000000000000000e+00
-1.856613207000000099e+00,-6.988314650000000405e-01,2.000000000000000000e+00
-1.388712739999999890e+00,-6.740113140000000280e-01,2.000000000000000000e+00
2.850845000000000115e-02,-7.516333499999999779e-02,2.000000000000000000e+00
-1.239720321000000069e+00,-7.847087700000000554e-01,2.000000000000000000e+00
-1.451622766999999925e+00,-6.337506939999999478e-01,2.000000000000000000e+00
-1.979267220999999966e+00,-6.778490940000000409e-01,2.000000000000000000e+00
-2.133447285999999998e+00,1.689003500000000102e+00,2.000000000000000000e+00
-9.778791070000000252e-01,-1.239311339999999984e-01,2.000000000000000000e+00
4.023949400000000065e-02,-1.876490012999999957e+00,2.000000000000000000e+00
2.314840880000000045e-01,-2.217446993999999894e+00,2.000000000000000000e+00
-4.398205789999999893e-01,-2.614839706999999791e+00,2.000000000000000000e+00
-1.309038670000000071e+00,8.400804920000000120e-01,2.000000000000000000e+00
-1.367604084000000109e+00,-1.818925756999999921e+00,2.000000000000000000e+00
-6.343666350000000120e-01,-7.864424999999999541e-03,2.000000000000000000e+00
-6.256130000000000024e-02,-4.661822119999999847e-01,2.000000000000000000e+00
-2.575629800000000039e-02,-2.526727115999999995e+00,2.000000000000000000e+00
-3.118923983999999816e+00,1.022859184999999949e+00,2.000000000000000000e+00
-1.046464741999999948e+00,-4.477040500000000200e-01,2.000000000000000000e+00
-1.966780905000000024e+00,8.201424080000000449e-01,2.000000000000000000e+00
-1.471249024000000016e+00,-6.573555140000000296e-01,2.000000000000000000e+00
7.352274380000000109e-01,-8.204385140000000076e-01,2.000000000000000000e+00
-1.777530134000000039e+00,-2.019318258000000199e+00,2.000000000000000000e+00
-2.683797409999999939e+00,-9.624005350000000014e-01,2.000000000000000000e+00
-8.229728969999999810e-01,-8.628766979999999975e-01,2.000000000000000000e+00
-1.124477538999999915e+00,-2.521052261999999988e+00,2.000000000000000000e+00
-1.415554855999999972e+00,-1.018918452999999946e+00,2.000000000000000000e+00
-1.205417359999999966e-01,-8.367533219999999661e-01,2.000000000000000000e+00
-4.338718950000000074e-01,-1.721150678999999961e+00,2.000000000000000000e+00
-6.240830080000000502e-01,-5.893966409999999989e-01,2.000000000000000000e+00
-1.276953827999999902e+00,-2.212631093000000160e+00,2.000000000000000000e+00
-6.499014739999999790e-01,-1.573744692000000001e+00,2.000000000000000000e+00
-1.291307157000000094e+00,-8.946078079999999488e-01,2.000000000000000000e+00
3.951942891999999929e+00,2.220862669999999817e+00,0.000000000000000000e+00
5.730569716999999841e+00,3.146865381000000017e+00,1.000000000000000000e+00
4.371596476999999759e+00,4.600689623000000061e+00,1.000000000000000000e+00
3.485988104000000032e+00,5.436480625999999816e+00,1.000000000000000000e+00
6.613567952000000361e+00,4.269563509000000145e+00,1.000000000000000000e+00
6.039303336999999772e+00,4.144996670000000272e+00,1.000000000000000000e+00
5.989625741000000225e+00,4.648855334000000283e+00,1.000000000000000000e+00
6.186645661000000018e+00,8.595480961999999892e+00,1.000000000000000000e+00
6.748367661999999711e+00,4.576277497000000416e+00,1.000000000000000000e+00
6.716238425000000234e+00,4.243822226999999891e+00,1.000000000000000000e+00
5.058353716000000055e+00,6.732890399999999609e+00,1.000000000000000000e+00
4.220109429999999939e+00,4.155101237000000225e+00,1.000000000000000000e+00
4.808337704999999573e+00,2.834357978999999972e+00,1.000000000000000000e+00
7.144034224000000322e+00,5.614086814000000203e+00,1.000000000000000000e+00
2.925245443000000112e+00,3.380115652000000193e+00,0.000000000000000000e+00
4.022441044999999882e+00,4.350050329000000104e+00,1.000000000000000000e+00
6.807063520999999895e+00,5.517710153000000339e+00,1.000000000000000000e+00
6.465317971000000163e+00,5.399407560000000217e+00,1.000000000000000000e+00
4.141706131000000290e+00,1.222944183000000073e+00,0.000000000000000000e+00
4.641781213999999878e+00,-9.119385400000000474e-02,0.000000000000000000e+00
4.730153129999999706e+00,2.784619761000000082e+00,1.000000000000000000e+00
4.522996541000000370e+00,6.861180402999999650e+00,1.000000000000000000e+00
7.681683759999999861e-01,4.407158109000000046e+00,0.000000000000000000e+00
4.259855125999999714e+00,3.737156473999999839e+00,1.000000000000000000e+00
5.535308291999999852e+00,3.729993007000000027e+00,1.000000000000000000e+00
9.246252829999999534e+00,5.798154027999999904e+00,1.000000000000000000e+00
2.466653985000000215e+00,4.572414717000000017e+00,1.000000000000000000e+00
3.899209734999999899e+00,4.824121253000000387e+00,1.000000000000000000e+00
4.332341440999999627e+00,3.791446410000000045e-01,0.000000000000000000e+00
3.367927408999999983e+00,3.698562851999999790e+00,1.000000000000000000e+00
3.832990752000000167e+00,4.033234891000000211e+00,1.000000000000000000e+00
1.667111768999999910e+00,2.510388944999999872e+00,0.000000000000000000e+00
4.805286946999999920e+00,3.960250400000000059e+00,1.000000000000000000e+00
4.101915276999999804e+00,2.956755897999999938e+00,0.000000000000000000e+00
5.926616877999999922e+00,5.506714092000000171e+00,1.000000000000000000e+00
5.099433384000000125e+00,3.011323819999999873e+00,1.000000000000000000e+00
6.846049468000000360e+00,6.259771187000000126e+00,1.000000000000000000e+00
7.807198153999999946e+00,3.926138030999999806e+00,1.000000000000000000e+00
5.211056789999999772e+00,5.551104793000000370e+00,1.000000000000000000e+00
2.855650294999999783e+00,7.957486741000000308e+00,1.000000000000000000e+00
5.422837907999999985e+00,4.115748421000000157e+00,1.000000000000000000e+00
7.421854319000000366e+00,6.588704854000000388e+00,1.000000000000000000e+00
4.834635335999999839e+00,2.142437441000000220e+00,0.000000000000000000e+00
5.671382288000000216e+00,7.158125543999999785e+00,1.000000000000000000e+00
3.326294052999999806e+00,1.906939310999999915e+00,0.000000000000000000e+00
7.613987299999999792e+00,3.886738434000000186e+00,1.000000000000000000e+00
5.699455359999999970e+00,3.433902874000000160e+00,1.000000000000000000e+00
4.268829875999999857e+00,2.009612600000000082e+00,0.000000000000000000e+00
2.100505143999999991e+00,1.734405304999999897e+00,0.000000000000000000e+00
3.808989638999999983e+00,5.119568132999999577e+00,1.000000000000000000e+00
